5
10
9, 8, 1, 2, 3, 7, 5, 6, 0, 4

10
10, 9, 8, 2, 3, 4, 5, 6, 1, 1

1
1

10
10, 10, 10, 10, 10, 10, 10, 10, 10, 10

100
51, 27, 53, 99, 53, 45, 1, 58, 54, 94, 30, 86, 15, 90, 33, 6, 63, 26, 96, 5, 11, 97, 83, 40, 28, 36, 26, 32, 60, 67, 41, 85, 70, 0, 13, 61, 17, 4, 80, 19, 27, 25, 86, 48, 18, 85, 20, 19, 65, 2, 36, 8, 85, 0, 77, 55, 93, 54, 98, 86, 8, 100, 4, 0, 34, 39, 20, 37, 68, 51, 74, 76, 95, 95, 30, 41, 8, 80, 69, 68, 12, 85, 21, 39, 42, 12, 86, 45, 40, 31, 27, 89, 33, 80, 98, 83, 93, 52, 90, 30