10
3
100, 101, 102

3
100, 101, 002

5
01, 02, 03, 04, 05

1000
456, 794, 272, 538, 183, 819, 859, 219, 552, 307, 470, 810, 230, 528, 18, 622, 792, 736, 779, 479, 46, 824, 63, 711, 464, 230, 196, 948, 498, 829, 658, 951, 161, 402, 748, 674, 870, 929, 248, 702, 122, 75, 860, 276, 636, 199, 274, 166, 100, 591, 689, 378, 969, 792, 667, 55, 858, 492, 90, 20, 324, 694, 333, 437, 246, 496, 974, 330, 968, 385, 649, 558, 320, 270, 455, 180, 62, 788, 830, 947, 377, 820, 13, 283, 49, 902, 898, 674, 982, 723, 967, 783, 580, 789, 851, 263, 217, 513, 810, 979, 150, 849, 92, 82, 416, 377, 34, 350, 471, 847, 638, 723, 449, 166, 84, 235, 489, 744, 424, 261, 431, 351, 861, 729, 381, 618, 146, 919, 784, 195, 10, 456, 619, 23, 25, 422, 210, 122, 468, 107, 955, 291, 702, 400, 145, 487, 108, 274, 772, 301, 188, 14, 947, 779, 764, 855, 283, 652, 525, 377, 801, 154, 571, 171, 116, 508, 55, 486, 628, 96, 675, 594, 216, 487, 10, 956, 667, 16, 931, 520, 243, 18, 997, 486, 254, 280, 97, 226, 954, 292, 88, 513, 230, 582, 184, 462, 476, 405, 458, 977, 576, 740, 730, 119, 835, 379, 525, 131, 988, 934, 621, 820, 130, 89, 955, 583, 497, 816, 145, 559, 547, 674, 418, 369, 818, 194, 436, 17, 767, 746, 554, 968, 294, 151, 145, 355, 811, 92, 513, 363, 450, 940, 409, 556, 653, 967, 42, 993, 163, 914, 145, 92, 766, 162, 258, 806, 518, 23, 299, 183, 478, 692, 666, 154, 826, 694, 277, 182, 120, 695, 269, 720, 358, 289, 730, 619, 651, 442, 290, 936, 971, 917, 47, 947, 111, 954, 970, 726, 784, 951, 563, 694, 28, 289, 791, 922, 593, 882, 399, 169, 820, 342, 140, 15, 40, 402, 304, 56, 803, 182, 119, 755, 28, 908, 380, 965, 734, 702, 233, 451, 139, 114, 900, 487, 731, 268, 953, 954, 787, 113, 889, 471, 30, 95, 732, 829, 362, 952, 914, 842, 180, 538, 56, 52, 334, 707, 141, 711, 805, 659, 823, 875, 713, 156, 516, 659, 49, 143, 194, 436, 620, 1000, 609, 275, 373, 232, 56, 54, 649, 948, 496, 109, 201, 58, 838, 849, 436, 404, 297, 482, 234, 272, 413, 804, 853, 347, 818, 990, 218, 669, 35, 924, 891, 976, 824, 440, 39, 321, 59, 482, 270, 697, 289, 884, 962, 537, 642, 282, 822, 554, 2, 350, 996, 662, 921, 230, 443, 627, 848, 531, 668, 196, 924, 846, 167, 108, 398, 726, 868, 778, 24, 434, 55, 175, 679, 205, 239, 747, 153, 931, 690, 420, 337, 282, 643, 105, 974, 849, 171, 449, 419, 747, 151, 82, 137, 252, 706, 254, 62, 504, 964, 744, 551, 954, 876, 240, 779, 165, 509, 411, 993, 780, 215, 35, 995, 260, 713, 837, 208, 227, 394, 332, 257, 896, 929, 22, 690, 107, 404, 284, 868, 670, 894, 886, 726, 822, 200, 327, 502, 751, 208, 441, 42, 835, 967, 715, 217, 869, 230, 950, 695, 239, 193, 985, 654, 478, 677, 117, 421, 199, 545, 957, 119, 758, 863, 191, 855, 980, 614, 758, 955, 488, 183, 893, 696, 74, 850, 53, 944, 562, 668, 733, 777, 671, 554, 737, 880, 730, 809, 875, 663, 823, 488, 441, 455, 853, 425, 726, 169, 343, 290, 188, 134, 934, 212, 380, 775, 99, 844, 58, 880, 852, 399, 522, 184, 685, 871, 542, 585, 465, 535, 487, 83, 182, 634, 158, 856, 85, 755, 313, 901, 381, 572, 522, 521, 459, 662, 821, 539, 961, 252, 684, 59, 896, 453, 983, 678, 311, 104, 0, 72, 857, 433, 341, 808, 803, 15, 704, 168, 850, 696, 564, 910, 783, 630, 366, 951, 705, 236, 639, 333, 248, 687, 280, 878, 160, 370, 517, 171, 420, 903, 930, 853, 835, 704, 661, 180, 687, 632, 824, 754, 294, 683, 378, 944, 84, 183, 61, 266, 373, 449, 126, 391, 460, 378, 251, 101, 177, 845, 829, 18, 257, 428, 310, 585, 269, 835, 59, 471, 433, 328, 756, 397, 782, 787, 50, 940, 547, 440, 751, 93, 235, 540, 640, 416, 599, 563, 977, 562, 989, 399, 505, 794, 865, 574, 464, 524, 899, 918, 880, 723, 81, 932, 729, 133, 642, 488, 24, 437, 950, 369, 153, 973, 540, 587, 547, 432, 591, 71, 348, 593, 449, 158, 658, 188, 397, 294, 164, 185, 863, 785, 343, 512, 566, 241, 230, 22, 494, 325, 230, 559, 168, 376, 986, 923, 770, 378, 637, 512, 99, 633, 290, 413, 350, 498, 244, 19, 790, 396, 331, 774, 58, 57, 566, 680, 762, 185, 350, 786, 12, 836, 18, 960, 956, 126, 388, 223, 658, 772, 840, 910, 513, 747, 703, 963, 904, 379, 247, 570, 920, 589, 584, 317, 762, 34, 631, 675, 402, 312, 45, 621, 776, 980, 990, 298, 862, 701, 191, 942, 289, 795, 632, 808, 332, 747, 425, 334, 797, 594, 270, 760, 425, 298, 947, 183, 873, 103, 323, 504, 811, 912, 430, 242, 228, 545, 830, 426, 996, 209, 543, 59, 64, 445, 77, 355, 817, 186, 226, 388, 283, 259, 503, 330, 972, 463, 936, 560, 358, 765, 949, 831, 639, 961, 804, 154, 95, 485, 363, 465, 783, 378, 292, 358, 838, 810, 48, 518, 985, 640, 648, 643, 533, 839, 51, 365, 908, 129, 532, 79, 677, 883, 764, 330, 98, 499, 580, 598, 84, 813, 321, 716, 633, 850, 793, 660, 360, 235, 942, 950, 554, 505, 881, 524, 428, 207, 885, 428, 732, 611, 294, 893, 937, 258, 149, 416, 199, 680, 488, 863, 810, 86, 273, 595, 929, 133, 281, 55, 458, 923, 576, 891, 818, 987, 543, 283, 876, 417, 837, 887, 432, 97, 496, 977, 252, 857, 999, 108, 498, 361, 88, 866, 189, 172, 808, 311, 491, 938, 113, 671, 276, 716, 794, 862, 718, 682, 8, 578, 743, 645, 287, 293, 582, 787, 521, 413, 379, 513, 451, 710, 283

10
100, 100, 100, 100, 100, 100, 100, 100, 100, 100

10
-1, -2, -3, -4, -5, -6, -7, -8, -9, -10

10
-10, -9, -8, -7, -6, -5, -4, -3, -2, -7

10
0, 1, 2, 3, 4, 5, 6, 7, 8, 7, 3

10
-10, -9, -8, -7, -6, -5, -4, -3, -7, -1

9
9, 10, 11, 13, 15, 14, 12, 16, 17